0.1765	0.7164	0.6138	0.4211	
0.0000	0.2435	0.0000	1.0153	
0.5439	0.3388	0.7538	0.2772	
0.8982	0.4205	0.0000	0.3452	
0.8465	0.0000	0.1200	0.5484	
0.8083	0.6101	0.0000	0.0779	
0.0001	0.7853	0.4227	0.5270	
0.3174	0.0000	0.2427	0.9521	
0.3352	0.7354	0.4854	0.4461	
0.5022	0.7850	0.3995	0.1422	
0.4601	0.0000	0.9036	0.2097	
0.1998	0.9144	0.2737	0.3338	
0.3681	0.6839	0.6140	0.2722	
0.8101	0.5810	0.2305	0.1182	
0.2009	0.4461	0.8932	0.1358	
0.3499	0.9527	0.1041	0.0000	
0.1200	1.0116	0.0000	0.1665	
0.0043	0.9595	0.0000	0.3953	
0.0025	0.3387	0.5465	0.7855	
1.0056	0.0000	0.1839	0.0612	
0.5512	0.3915	0.6188	0.4602	
0.3661	0.0000	0.3969	0.8612	
0.6456	0.2971	0.0000	0.7347	
0.2079	0.4712	0.8415	0.2313	
0.9605	0.3225	0.0962	0.0000	
0.1594	0.1708	0.7594	0.6718	
0.7314	0.6850	0.0000	0.2325	
0.1503	0.3358	0.2866	0.9159	
0.9300	0.1053	0.0000	0.4026	
0.0000	0.8689	0.5104	0.2415	
0.8367	0.2991	0.5217	0.1308	
0.1885	0.6507	0.2553	0.7075	
0.7158	0.1510	0.5852	0.4242	
0.6614	0.6385	0.4193	0.1414	
0.0006	0.5773	0.0903	0.8355	
0.0059	0.2583	0.2604	0.9626	
0.7883	0.0000	0.3868	0.5151	
0.9765	0.3083	0.0000	0.0000	
0.9579	0.0000	0.0000	0.3321	
0.4527	0.0000	0.1186	0.9477	
0.1660	0.8475	0.0000	0.5802	
0.3185	0.8213	0.1294	0.5304	
0.9336	0.4370	0.0000	0.0000	
0.1816	0.3386	0.8580	0.3934	
0.0011	0.3781	0.0000	0.9562	
1.0222	0.0000	0.0797	0.0782	
0.6598	0.4792	0.0000	0.6401	
0.4757	0.0000	0.8206	0.3949	
0.1923	0.3583	0.4636	0.8216	
0.4936	0.4565	0.8174	0.0000	
0.0012	0.6485	0.5903	0.5559	
0.8837	0.0106	0.4935	0.2279	
0.5133	0.1845	0.3010	0.8207	
0.2066	0.8712	0.1306	0.5037	
0.0025	0.9829	0.3067	0.0918	
0.5656	0.0000	0.8539	0.1116	
0.5092	0.6259	0.0000	0.6237	
0.0010	0.9926	0.2917	0.0000	
0.1506	0.5966	0.1483	0.8126	
0.1629	0.0000	0.8065	0.6292	
0.9819	0.2352	0.0000	0.1928	
0.1560	0.1147	0.9985	0.1131	
0.0000	0.9473	0.4364	0.0000	
1.0127	0.1912	0.0000	0.0000	
1.0099	0.0000	0.1681	0.0000	
0.0224	0.1283	1.0110	0.1070	
0.9330	0.1329	0.3703	0.1199	
0.0000	0.2695	0.9325	0.3684	
0.4202	0.0000	0.0000	0.9570	
0.0155	1.0200	0.0000	0.1715	
0.0001	0.0000	0.6376	0.8301	
0.5732	0.8284	0.1200	0.1133	
0.0028	0.4863	0.7285	0.5368	
0.0245	0.9697	0.1261	0.2978	
0.1510	0.8641	0.5163	0.1126	
0.8836	0.1648	0.1344	0.4892	
0.1813	0.6022	0.7896	0.1346	
0.6285	0.5170	0.3228	0.5570	
0.6460	0.4470	0.6514	0.0000	
0.1833	0.1711	0.2288	0.9690	
1.0185	0.0939	0.0850	0.0000	
0.1813	0.9420	0.3780	0.1008	
0.6658	0.0000	0.7825	0.0000	
0.9934	0.1405	0.1010	0.2168	
0.0000	0.0000	0.0000	1.0328	
0.0021	0.1554	0.5445	0.8753	
0.0056	0.9929	0.1840	0.2093	
0.5681	0.7522	0.1661	0.3682	
0.8181	0.0000	0.0000	0.6342	
0.5533	0.1203	0.7656	0.4345	
0.0016	0.9395	0.2776	0.3264	
0.0021	0.4293	0.1296	0.9325	
0.5381	0.5419	0.6562	0.2530	
0.0046	0.7800	0.5633	0.3873	
0.3924	0.2886	0.3204	0.8601	
0.8183	0.1727	0.4052	0.4208	
1.0265	0.0999	0.0000	0.0004	
0.0000	0.6774	0.0000	0.7820	
0.0155	0.6691	0.6855	0.3704	
0.9592	0.2706	0.1204	0.1890	
0.0001	0.7916	0.6553	0.0000	
0.3748	0.5820	0.6389	0.4130	
0.6001	0.0003	0.1153	0.8263	
0.4579	0.8913	0.2201	0.1223	
0.0014	0.5094	0.4490	0.7889	
0.3338	0.6520	0.6882	0.1208	
0.6461	0.6170	0.0000	0.4899	
0.9297	0.2839	0.3623	0.0000	
0.0138	0.2250	0.9988	0.0000	
0.0000	0.0000	1.0205	0.0917	
0.7833	0.4516	0.0032	0.4967	
0.1346	0.7273	0.7139	0.0960	
0.2834	0.9228	0.0000	0.3617	
0.0009	0.1568	0.7882	0.6348	
0.0078	0.0985	1.0279	0.0000	
0.7516	0.3657	0.4752	0.4124	
0.6444	0.6194	0.5219	0.0000	
0.0908	1.0159	0.0000	0.0884	
0.2026	0.9930	0.1003	0.0000	
0.1450	0.0000	0.5444	0.8646	
0.2995	0.8665	0.0000	0.4632	
0.1451	0.0000	0.3751	0.9585	
0.0007	0.4567	0.8391	0.3842	
0.7248	0.1319	0.7170	0.0000	
0.8496	0.0000	0.5764	0.1049	
0.1436	0.2525	0.9789	0.0012	
0.9895	0.1262	0.0000	0.2658	
0.3320	0.9039	0.0988	0.3719	
0.9464	0.3258	0.2404	0.1158	
0.1390	0.9169	0.0000	0.4379	
0.1797	0.6921	0.4610	0.5684	
0.8352	0.1272	0.2815	0.5545	
0.1540	0.3938	0.9417	0.0000	
0.5850	0.3534	0.5016	0.6266	
0.3492	0.7681	0.5719	0.1285	
0.6751	0.0000	0.5800	0.5339	
0.3750	0.8300	0.2898	0.4211	
0.5469	0.0000	0.5716	0.6854	
0.7093	0.5613	0.4666	0.2916	
0.0100	0.2388	0.1254	0.9941	
0.9189	0.1309	0.3647	0.2089	
0.7813	0.0946	0.1437	0.6213	
0.7686	0.1377	0.6471	0.0878	
1.0159	0.0992	0.0000	0.0655	
0.7466	0.6848	0.1014	0.1138	
0.0011	0.1433	0.2312	0.9805	
0.1124	0.1020	1.0152	0.0000	
0.3811	0.5212	0.7703	0.2880	
0.1468	0.1293	0.1027	1.0097	
0.1351	0.7297	0.7162	0.0000	
0.5278	0.7218	0.4612	0.2883	
0.5784	0.5391	0.4602	0.4491	
0.1460	0.1645	0.5686	0.8269	
0.1469	0.7675	0.1440	0.6672	
0.0000	0.0000	0.4980	0.9033	
0.3454	0.0000	0.7173	0.6583	
0.0056	0.0000	0.2269	1.0673	
0.3090	0.8383	0.5048	0.0000	
0.1525	0.8277	0.6109	0.0000	
0.2848	0.0996	0.9804	0.0001	
0.1062	1.0130	0.1028	0.0657	
0.9721	0.0843	0.2933	0.0000	
0.9360	0.0000	0.0986	0.4263	
0.0000	1.0059	0.1781	0.0000	
0.0001	0.8989	0.0000	0.5300	
0.6255	0.8163	0.0000	0.0000	
0.3443	0.5552	0.5200	0.6219	
0.2975	0.3030	0.9243	0.1446	
0.7844	0.4194	0.5222	0.0000	
0.4239	0.9112	0.1304	0.1121	
0.0289	0.1067	0.9749	0.3371	
0.0024	0.5405	0.8717	0.0884	
0.2414	0.0000	1.0050	0.0000	
0.4750	0.2911	0.0000	0.8704	
0.7254	0.6707	0.2504	0.0000	
0.1457	0.0166	0.2365	1.0028	
0.3518	0.3271	0.1511	0.9092	
0.5474	0.3290	0.3348	0.7342	
0.4294	0.1249	0.0000	0.9238	
0.1558	0.7278	0.0000	0.7232	
0.5605	0.8689	0.0031	0.0902	
0.8516	0.1254	0.0000	0.5352	
0.1624	0.3564	0.7809	0.5724	
0.2813	0.1313	0.0000	0.9789	
0.1512	0.0000	0.6697	0.7556	
0.4446	0.2832	0.8848	0.0001	
0.7904	0.2796	0.0000	0.5970	
0.3502	1.0025	0.0000	0.0000	
0.5130	0.3206	0.1538	0.8265	
0.0007	0.7888	0.2628	0.6410	
0.2963	0.4114	0.8869	0.0000	
0.0015	0.8877	0.2666	0.4839	
1.0028	0.0000	0.2786	0.0000	
0.0013	1.0238	0.0972	0.0000	
0.4899	0.9155	0.0000	0.0003	
0.0005	0.0000	0.1484	1.0266	
0.1548	0.3125	0.9375	0.2627	
0.0331	0.3531	0.9568	0.0915	
0.8052	0.4677	0.1663	0.4060	
0.3126	0.0000	0.9023	0.3615	
0.6327	0.0000	0.7787	0.2422	
0.6405	0.7725	0.1234	0.2424	
0.0091	0.4518	0.9206	0.2403	
0.0025	0.8989	0.3507	0.3459	
0.7962	0.0000	0.2513	0.6196	
0.5355	0.1893	0.4806	0.7275	
0.8098	0.1004	0.5511	0.2532	
0.3093	0.0000	0.8353	0.5221	
0.5759	0.8010	0.2614	0.1046	
0.7117	0.0000	0.7361	0.1147	
0.5842	0.4805	0.1459	0.6853	
0.4055	0.1673	0.7511	0.5720	
0.1735	0.8436	0.4229	0.3894	
0.3920	0.3449	0.8847	0.2460	
0.1644	0.9863	0.2196	0.1221	
0.2530	0.0000	0.0000	0.9796	
0.0003	0.3570	0.9616	0.0000	
0.1486	0.5474	0.8563	0.0000	
0.5291	0.7278	0.2847	0.4201	
0.0073	0.4681	0.2783	0.8723	
0.5305	0.0000	0.8838	0.0004	
0.0996	0.0000	0.0777	1.0203	
0.8533	0.3132	0.4279	0.2680	
0.6642	0.0000	0.6804	0.3708	
0.1012	1.0185	0.0969	0.0000	
0.0016	0.9211	0.4672	0.0889	
0.8518	0.5675	0.0000	0.0000	
0.9592	0.0000	0.3290	0.2063	
0.3148	0.2916	0.0000	0.9329	
0.0012	0.6842	0.4273	0.6691	
0.1333	0.9952	0.2017	0.0000	
0.8548	0.3661	0.2950	0.3986	
0.8908	0.0000	0.2611	0.4801	
0.9923	0.1269	0.2330	0.2152	
0.0250	0.3083	0.8467	0.4978	
0.1588	0.3017	0.1104	0.9602	
0.3166	0.7732	0.0000	0.6075	
0.1681	0.9200	0.4565	0.0000	
0.5569	0.1593	0.6255	0.5757	
0.1991	0.5018	0.2994	0.8268	
0.8368	0.4546	0.2640	0.2622	
0.8717	0.3759	0.3723	0.0000	
0.1094	0.0000	1.0257	0.0000	
0.0016	0.8899	0.5575	0.0000	
0.0090	0.6333	0.2799	0.7794	
0.1647	0.0001	0.9033	0.4719	
0.0000	1.0307	0.0000	0.0000	
0.0872	0.9668	0.0000	0.3116	
0.8937	0.1274	0.4755	0.1208	
0.1218	0.0000	0.0000	1.0247	
0.1907	0.1371	0.9478	0.3494	
0.0000	0.0000	0.9281	0.4208	
0.7964	0.5822	0.1549	0.2094	
0.0001	0.7932	0.0000	0.6547	
0.6841	0.3190	0.1460	0.6767	
0.4963	0.7694	0.0028	0.5000	
0.9959	0.0000	0.0000	0.2566	
0.8207	0.0001	0.5046	0.3680	
0.1911	0.8033	0.5613	0.2629	
0.3896	0.1286	0.4209	0.8484	
0.2369	0.9933	0.0000	0.0887	
0.6398	0.0000	0.2593	0.7437	
0.0051	0.9940	0.0000	0.2627	
0.1867	0.5086	0.6508	0.5788	
0.8403	0.2831	0.1266	0.5018	
0.2928	0.9669	0.1123	0.2462	
0.3245	0.8876	0.3036	0.2570	
0.0001	0.0000	0.8485	0.5728	
0.0001	0.0001	0.7797	0.7079	
0.9740	0.0000	0.0763	0.2765	
0.5996	0.1581	0.0000	0.8154	
0.3156	0.4192	0.8574	0.1113	
0.9600	0.2615	0.2082	0.0000	
1.0109	0.0849	0.0000	0.1658	
0.7098	0.1954	0.4737	0.5752	
0.5157	0.4563	0.0000	0.7724	
0.7942	0.5713	0.0028	0.3501	
0.3318	0.8724	0.4026	0.1027	
0.9307	0.4066	0.1249	0.2474	
0.4079	0.1264	0.9227	0.0000	
1.0180	0.0000	0.0000	0.1432	
0.0087	0.9229	0.0926	0.4298	
0.9558	0.0000	0.3899	0.0000	
0.8866	0.0000	0.3581	0.3643	
0.0176	1.0078	0.1310	0.1833	
0.0178	0.2967	0.9720	0.2197	
0.1836	0.3498	0.6219	0.7248	
0.0016	0.2811	0.4357	0.8991	
0.0298	0.1445	0.8997	0.4644	
0.6783	0.4988	0.5596	0.1200	
0.1721	0.1515	0.8612	0.5306	
0.6969	0.4913	0.1468	0.5455	
0.7352	0.0025	0.1175	0.6885	
1.0015	0.1494	0.2043	0.0000	
0.6089	0.3137	0.7898	0.0000	
0.5552	0.0000	0.0000	0.8675	
0.5813	0.8023	0.0006	0.2321	
0.8132	0.4514	0.4001	0.1119	
0.8681	0.2741	0.4942	0.0000	
0.9091	0.2877	0.2648	0.2327	
0.5168	0.0000	0.7209	0.5200	
0.4149	0.3883	0.6757	0.5784	
0.0289	0.0961	0.0782	1.0274	
0.9066	0.2802	0.3991	0.1158	
0.9316	0.2697	0.0000	0.3134	
0.4736	0.0000	0.2739	0.8654	
0.0093	0.1526	0.6773	0.7641	
0.6798	0.0001	0.4180	0.6498	
0.0029	1.0126	0.1014	0.0874	
0.2595	0.9820	0.1049	0.1083	
0.3124	0.7392	0.6694	0.0000	
0.1897	0.4763	0.7762	0.4304	
0.3912	0.7934	0.4505	0.2844	
0.1528	0.1378	0.9738	0.2502	
0.0131	0.7607	0.6537	0.2638	
1.0152	0.0000	0.0000	0.0796	
0.3902	0.4829	0.1190	0.8203	
0.4903	0.1554	0.1428	0.8640	
0.8524	0.1165	0.5546	0.0000	
0.9369	0.3821	0.0000	0.2151	
0.9501	0.0000	0.2294	0.3190	
0.4983	0.1677	0.8502	0.2376	
0.1035	0.9872	0.1002	0.2146	
0.0002	0.8300	0.6145	0.1141	
0.4039	0.0000	0.9425	0.0898	
0.6224	0.7307	0.3789	0.0000	
0.3173	0.1367	0.0845	0.9654	
0.0318	0.1493	1.0073	0.2378	
0.9369	0.0000	0.3992	0.1162	
0.0369	0.0000	0.3461	0.9671	
0.9986	0.0168	0.1851	0.2163	
0.1597	0.5828	0.0000	0.8396	
0.9929	0.2011	0.1139	0.0000	
0.7295	0.3501	0.6018	0.2930	
0.2094	0.4933	0.4705	0.7395	
0.5159	0.7929	0.3019	0.2910	
0.0000	0.5315	0.0000	0.8779	
0.3091	0.4534	0.0000	0.8673	
0.4681	0.3002	0.8763	0.1294	
0.7024	0.0000	0.0000	0.7650	
0.3760	0.1626	0.8666	0.3728	
0.7610	0.1023	0.0000	0.7043	
0.6298	0.1143	0.7994	0.0902	
0.7964	0.0000	0.6643	0.0000	
0.1363	0.9672	0.2940	0.0000	
0.5774	0.8037	0.2525	0.0000	
0.9997	0.1235	0.1854	0.0781	
0.5169	0.8863	0.1039	0.0000	
0.3561	0.3319	0.7850	0.4534	
0.0094	0.7324	0.1407	0.7149	
0.7402	0.6933	0.0000	0.0000	
0.8460	0.5481	0.0000	0.2158	
0.7538	0.3227	0.6423	0.0000	
0.3020	0.1835	0.9532	0.0944	
0.3373	0.6318	0.0000	0.7830	
0.3552	0.0000	0.5812	0.7898	
0.5712	0.1894	0.8318	0.0000	
0.0023	0.1005	0.3533	0.9640	
0.2950	0.1860	0.9377	0.2605	
0.4927	0.7441	0.5305	0.0000	
0.8937	0.2845	0.0062	0.4639	
0.2699	0.9469	0.2514	0.0000	
0.8504	0.5404	0.2464	0.0000	
0.3433	0.6610	0.1094	0.6788	
0.0488	0.7112	0.7302	0.0878	
0.9923	0.1778	0.1006	0.1270	
0.4612	0.8588	0.0000	0.3547	
0.6916	0.6361	0.1649	0.3844	
0.7758	0.6396	0.1326	0.0000	
0.2643	0.9122	0.3579	0.0000	
0.1622	0.6201	0.7496	0.2477	
0.7624	0.5611	0.3750	0.0000	
0.1582	0.4083	0.0000	0.9215	
0.0000	0.0000	1.0281	0.0000	
0.1649	0.9004	0.3944	0.2490	
0.1293	0.0000	0.9932	0.2038	
0.1746	0.9594	0.2830	0.2370	
0.2167	1.0122	0.0000	0.0000	
0.1644	0.4498	0.1538	0.8920	
0.9642	0.0847	0.1238	0.2909	
0.0000	1.0055	0.1781	0.0606	
0.0035	0.1070	0.0000	1.0172	
0.2180	0.1630	0.4220	0.9136	
0.4513	0.8372	0.3780	0.0000	
0.7397	0.3449	0.3178	0.5521	
0.8575	0.5474	0.0000	0.1251	
0.9757	0.3330	0.0001	0.1178	
0.2813	0.2704	0.9600	0.0000	
0.5616	0.6494	0.1507	0.5503	
0.3854	0.9571	0.0000	0.0825	
0.2299	0.0011	0.1373	0.9983	
0.4676	0.1183	0.9193	0.1131	
0.4963	0.0000	0.4426	0.8058	
0.6206	0.7339	0.0000	0.3767	
0.9024	0.3041	0.1403	0.3670	
0.7573	0.0000	0.6451	0.2327	
0.8860	0.0000	0.5285	0.0000	
0.3236	0.5912	0.7840	0.0000	
0.0017	0.6037	0.8333	0.2402	
0.0000	0.0000	1.0134	0.1816	
1.0328	0.0000	0.0850	0.0000	
0.7453	0.5390	0.2915	0.4248	
0.3822	0.5184	0.3377	0.7411	
0.0029	1.0167	0.0000	0.0873	
0.9231	0.3891	0.2315	0.0000	
0.5187	0.4840	0.7076	0.1402	
0.1113	0.9573	0.0986	0.3236	
0.4524	0.8963	0.1235	0.2426	
0.0001	0.4840	0.9013	0.0000	
0.0048	0.8505	0.1502	0.5770	
0.9016	0.4269	0.2315	0.1135	
1.0132	0.0000	0.1037	0.1665	
0.0026	0.9283	0.3640	0.2328	
0.9105	0.1732	0.2680	0.3739	
0.0102	0.2582	0.9982	0.0870	
0.4795	0.6120	0.6862	0.0000	
0.9268	0.1262	0.4425	0.0000	
0.7003	0.3162	0.6666	0.1175	
0.3408	0.1447	0.2793	0.9153	
0.0001	0.0001	1.0047	0.3143	
0.6718	0.1276	0.1023	0.7700	
0.3786	0.3515	0.4712	0.7432	
0.9377	0.4085	0.1433	0.1198	
0.6929	0.6423	0.3005	0.2767	
0.1925	0.7971	0.3038	0.5192	
0.5326	0.6638	0.5914	0.1393	
0.6755	0.7642	0.0000	0.0886	
0.4318	0.9288	0.0000	0.2193	
0.2698	0.0000	0.9725	0.0829	
0.1287	0.2591	0.9784	0.0935	
0.0021	0.6719	0.8344	0.0000	
0.9818	0.0000	0.2887	0.1134	
0.3772	0.7231	0.3195	0.5530	
0.7170	0.1284	0.2888	0.6707	
0.2954	0.0000	0.9659	0.2183	
0.8909	0.0000	0.0000	0.4929	
0.3773	0.0000	0.9476	0.0000	
0.7017	0.7723	0.1099	0.0000	
0.2620	0.9780	0.0000	0.2168	
1.0340	0.0000	0.0000	0.0000	
0.3967	0.9162	0.2317	0.0000	
0.3742	0.9235	0.2754	0.1011	
0.1463	0.2746	0.0000	0.9941	
0.1033	1.0273	0.0000	0.0000	
0.1474	0.0000	0.9902	0.3354	
0.8888	0.4917	0.1154	0.0000	
0.0026	0.4801	0.5962	0.6869	
0.1642	0.1446	0.0046	0.9992	
0.3235	0.1439	0.5813	0.7892	
0.0070	0.3498	0.7127	0.6714	
0.7373	0.1319	0.6583	0.2483	
0.7911	0.4989	0.4406	0.0455	
0.1449	0.2547	0.9875	0.0008	
0.0001	0.0114	0.8108	0.6376	
1.0107	0.0000	0.0001	0.2081	
0.5862	0.7793	0.3137	0.0891	
